AL092011, IRENE, 41,
20110821, 0600, , TS, 16.0N, 60.6W, 45, 1006, 130, 0, 0, 80, 0, 0, 0, 0, 0, 0, 0, 0,
20110821, 1200, , TS, 16.8N, 62.2W, 45, 1005, 130, 0, 0, 70, 0, 0, 0, 0, 0, 0, 0, 0,
20110821, 1800, , TS, 17.9N, 63.9W, 50, 999, 130, 20, 0, 70, 30, 0, 0, 0, 0, 0, 0, 0,
20110822, 0000, , HU, 18.0N, 65.9W, 70, 978, 145, 45, 35, 105, 40, 5, 5, 50, 5, 5, 10, 20,
20110822, 0600, , HU, 18.4N, 66.4W, 65, 990, 150, 60, 60, 90, 40, 25, 20, 35, 25, 0, 0, 0,
20110822, 1200, , HU, 18.8N, 67.8W, 70, 989, 180, 65, 70, 80, 70, 35, 30, 45, 30, 0, 5, 0,
20110822, 1800, , HU, 19.7N, 68.6W, 75, 988, 160, 60, 40, 90, 40, 30, 20, 35, 25, 0, 0, 0,
20110823, 0000, , HU, 19.9N, 69.4W, 80, 981, 160, 70, 50, 100, 70, 30, 30, 70, 25, 0, 0, 35,
20110823, 0600, , HU, 20.1N, 69.7W, 80, 978, 180, 120, 90, 130, 90, 60, 40, 70, 45, 30, 20, 35,
20110823, 1200, , HU, 20.4N, 70.6W, 80, 971, 180, 120, 90, 130, 90, 60, 40, 70, 40, 30, 20, 35,
20110823, 1800, , HU, 20.7N, 71.2W, 85, 964, 180, 120, 90, 130, 75, 60, 40, 70, 35, 30, 20, 35,
20110824, 0000, , HU, 21.0N, 71.9W, 90, 958, 180, 150, 90, 150, 70, 70, 40, 70, 35, 30, 25, 35,
20110824, 0600, , HU, 21.4N, 72.8W, 100, 942, 180, 150, 90, 150, 70, 70, 40, 70, 35, 30, 25, 35,
20110824, 1200, , HU, 21.7N, 73.1W, 110, 932, 180, 150, 90, 150, 90, 60, 45, 80, 45, 40, 25, 40,
20110824, 1800, , HU, 22.4N, 74.1W, 120, 934, 200, 180, 100, 150, 100, 70, 50, 80, 50, 45, 25, 40,
20110825, 0000, , HU, 23.1N, 75.4W, 110, 945, 220, 180, 100, 150, 100, 90, 50, 80, 60, 60, 25, 50,
20110825, 0600, , HU, 24.0N, 78.0W, 105, 946, 220, 180, 100, 150, 100, 80, 50, 70, 60, 60, 25, 50,
20110825, 1200, , HU, 24.7N, 76.9W, 90, 947, 250, 200, 100, 160, 100, 100, 50, 70, 60, 60, 25, 50,
20110825, 1800, , HU, 26.4N, 77.7W, 95, 947, 250, 200, 125, 160, 110, 100, 50, 75, 70, 60, 25, 50,
20110826, 0000, , HU, 27.9N, 77.2W, 90, 946, 250, 200, 125, 160, 110, 100, 50, 75, 70, 60, 25, 50,
20110826, 0600, , HU, 29.2N, 77.0W, 90, 941, 250, 200, 130, 175, 125, 105, 75, 75, 80, 80, 50, 50,
20110826, 1200, , HU, 30.3N, 77.9W, 85, 947, 250, 200, 130, 175, 125, 105, 75, 75, 80, 80, 50, 50,
20110826, 1800, , HU, 31.4N, 77.2W, 80, 951, 250, 225, 140, 175, 125, 125, 80, 75, 80, 80, 50, 50,
20110827, 0000, , HU, 32.0N, 77.2W, 75, 954, 225, 225, 140, 140, 125, 125, 90, 75, 80, 80, 40, 40,
20110827, 0600, , HU, 33.4N, 77.0W, 75, 955, 225, 225, 140, 140, 125, 125, 90, 75, 80, 80, 40, 40,
20110827, 1200, , HU, 34.7N, 76.5W, 75, 958, 225, 225, 150, 125, 125, 125, 90, 60, 80, 80, 40, 35,
20110827, 1800, , HU, 35.5N, 76.9W, 65, 958, 210, 225, 150, 125, 125, 125, 80, 60, 75, 75, 35, 35,
20110828, 0000, , HU, 36.7N, 77.0W, 65, 957, 210, 230, 150, 125, 150, 150, 80, 60, 75, 75, 0, 0,
20110828, 0600, , HU, 38.1N, 76.1W, 65, 953, 230, 280, 160, 110, 150, 150, 80, 30, 75, 75, 0, 0,
20110828, 0935, , HU, 39.4N, 74.8W, 70, 957, 230, 295, 160, 110, 150, 150, 80, 30, 0, 0, 0, 0,
20110828, 1200, , TS, 40.3N, 74.1W, 65, 962, 230, 305, 130, 50, 150, 150, 80, 30, 0, 0, 0, 0,
20110828, 1300, , TS, 40.5N, 74.0W, 55, 971, 230, 315, 130, 50, 150, 150, 80, 30, 0, 0, 0, 0,
20110828, 1800, , TS, 42.6N, 72.8W, 50, 978, 230, 330, 180, 50, 150, 150, 80, 30, 0, 0, 0, 0,
20110829, 0000, , EX, 43.8N, 71.1W, 45, 978, 230, 345, 250, 50, 0, 0, 0, 0, 0, 0, 0, 0,
20110829, 0600, , EX, 44.6N, 67.5W, 40, 971, 360, 360, 360, 0, 0, 0, 0, 0, 0, 0, 0, 0,
20110829, 1200, , EX, 49.1N, 67.1W, 40, 988, 360, 380, 300, 0, 0, 0, 0, 0, 0, 0, 0, 0,
20110829, 1800, , EX, 51.3N, 63.8W, 40, 985, 0, 390, 0, 0, 0, 0, 0, 0, 0, 0, 0, 0,
20110830, 0000, , EX, 52.8N, 60.6W, 40, 989, 0, 285, 0, 0, 0, 0, 0, 0, 0, 0, 0, 0,
20110830, 0600, , EX, 53.3N, 59.9W, 35, 993, 0, 270, 0, 0, 0, 0, 0, 0, 0, 0, 0, 0,
20110830, 1200, , EX, 53.8N, 59.7W, 30, 997, 0, 0, 0, 0, 0, 0, 0, 0, 0, 0, 0, 0,
gcc -g -Wall -Werror scales.c template.c tab.c track.c tcr.c atcf.c hurdat2.c hurdat.c md.c `pkg-config --cflags --libs cairo` -o track
  ./track --year 2004 --name ivan 
  ./track --year 1928 --id 4 
  ./track --year 1961 --id 18 --input ../data/wpac.txt
  ./track --input ~/Downloads/bep022013.dat --format atcf --extra 1
    ./track --help
